[Training]
MeanBackground = 59.06010940426199

[RangeNormalize]
MeanBackground = 58.52452715314437

[Metadata]
CurrentDir[deg] = -0.9999996319072382,1.0,0.1353222629900531
CurrentSpd[m/s] = -1.0,1.42,0.09408920500991026
Lon[deg] = -0.9999370335785593,0.9999999769534965,0.24916885389068658
windDir[deg] = -0.9999937960619866,0.9999936894248855,-0.053439098357691076
SeaIce[%] = -1.0,42.0,0.5986056431987522
pressure[hPa] = 960.8,1017.2,991.0290278022088
temp[C] = -13.6,13.5,4.521269578780565
windSpd[mph] = 0.2,21.4,8.08910071503182
Depth[m] = -1.0,450.0,93.60636668577173
WaveHeight[m] = -1.0,5.8,0.9815585977512078
WaveDir[deg] = -0.9999808608605089,1.0,0.062338571469757326
Precip[mm/h] = 0.0,4.6,0.15561829952365064
Lat[deg] = -0.9999722807148014,0.9999998504347735,0.5132304263173151
fog[%] = 0.0,95.9,0.11131458531040354

